-11555.82057127
-11555.73721496
-11555.56103286
-11555.42777340
-11555.38946951
-11555.36516350
-11555.27105070
-11555.11720433
-11555.03137083
-11555.10313854
-11555.26665883
-11555.34561506
-11555.27921874
-11555.19225715
-11555.19076168
-11555.25392823
-11555.27798568
-11555.21296037
-11555.12520403
-11555.10993874
-11555.20563049
-11555.33005914
-11555.37710611
-11555.35326163
-11555.34181447
-11555.38015641
-11555.42792459
-11555.42572902
-11555.36689504
-11555.31283929
-11555.32325506
-11555.40032498
-11555.48034665
-11555.50637169
-11555.49296535
-11555.48143551
-11555.49273220
-11555.50388372
-11555.48160911
-11555.43000051
-11555.39213404
-11555.39882622
-11555.44032107
-11555.48744971
-11555.52119834
-11555.53779122
-11555.55609085
-11555.58629855
-11555.61358465
-11555.62457910
-11555.61489326
-11555.58068259
-11555.53929380
-11555.51456241
-11555.50733800
-11555.50090039
-11555.47284096
-11555.43972922
-11555.43005543
-11555.44757678
-11555.47733939
-11555.49429177
-11555.48740676
-11555.47539973
-11555.48226156
-11555.50510429
-11555.51128661
-11555.48557496
-11555.45118628
-11555.44561904
-11555.46737009
-11555.49836042
-11555.51617683
-11555.51547877
-11555.52372460
-11555.55603412
-11555.58799966
-11555.58475989
-11555.55817380
-11555.54901792
-11555.57310149
-11555.60378121
-11555.60467819
-11555.57751378
-11555.56130609
-11555.57507797
-11555.59666924
-11555.59035727
-11555.55511925
-11555.53038361
-11555.53960000
-11555.56765194
-11555.57655480
-11555.56008756
-11555.53632276
-11555.53086112
-11555.55023237
-11555.55955743
-11555.53286740
-11555.49353468
-11555.47399656
-11555.48500894
-11555.51047320
-11555.53164633
-11555.55296212
-11555.58871743
-11555.63433476
-11555.66933540
-11555.67287533
-11555.64311339
-11555.61076725
-11555.59792255
-11555.59109765
-11555.57479167
-11555.55995553
-11555.57179771
-11555.60994984
-11555.65386279
-11555.67659277
-11555.67532776
-11555.67335261
-11555.68365809
-11555.69735085
-11555.69511121
-11555.67696191
-11555.66014346
-11555.66538984
-11555.69495832
-11555.72377283
-11555.72722252
-11555.71250177
-11555.70840084
-11555.72611684
-11555.75100610
-11555.75529932
-11555.73665013
-11555.72268514
-11555.73557135
-11555.76819688
-11555.79393959
-11555.79187008
-11555.76961111
-11555.75122675
-11555.74753126
-11555.74177509
-11555.71955976
-11555.68399882
-11555.65657729
-11555.66193349
-11555.68850136
-11555.69946710
-11555.68281854
-11555.66009730
-11555.65139869
-11555.65570194
-11555.66154290
-11555.65065528
-11555.62996701
-11555.62231178
-11555.63833064
-11555.65344649
-11555.64430488
-11555.61786205
-11555.60719889
-11555.61245107
-11555.61322159
-11555.60414424
-11555.59717442
-11555.59624303
-11555.59991034
-11555.61709088
-11555.64434689
-11555.66625824
-11555.67703608
-11555.67919190
-11555.67837556
-11555.66877225
-11555.64893049
-11555.62084045
-11555.59559124
-11555.58851381
-11555.60627621
-11555.63299360
-11555.64827372
-11555.65470503
-11555.66386421
-11555.68513124
-11555.70451250
-11555.70504589
-11555.69177218
-11555.68014976
-11555.68365567
-11555.70129046
-11555.70718628
-11555.68772173
-11555.66832145
-11555.66545276
-11555.67043884
-11555.67114423
-11555.66332253
-11555.64204190
-11555.62244563
-11555.61891741
-11555.62938753
-11555.63125136
-11555.60911954
-11555.59147844
-11555.58852896
-11555.59594043
-11555.60103440
-11555.59521500
-11555.58494877
-11555.59651018
-11555.62264674
-11555.64492689
-11555.65850858
-11555.67024955
-11555.68691418
-11555.70647017
-11555.71997147
-11555.71560870
-11555.70421170
-11555.70156384
-11555.70640116
-11555.70281136
-11555.68553540
-11555.67086051
-11555.67749346
-11555.69903816
-11555.71716224
-11555.71832814
-11555.70978645
-11555.70705813
-11555.71339820
-11555.71431823
-11555.70553485
-11555.69272584
-11555.69265628
-11555.71277114
-11555.73423928
-11555.73497886
-11555.71527869
-11555.70145611
-11555.70780722
-11555.72056322
-11555.72025600
-11555.70639766
-11555.69062589
-11555.68509497
-11555.68542222
-11555.67906710
-11555.66222690
-11555.64759969
-11555.64895991
-11555.66478339
-11555.68183451
-11555.68777279
-11555.68137820
-11555.67383363
-11555.67390108
-11555.68376412
-11555.69333711
-11555.68419185
-11555.67171731
-11555.66911897
-11555.67967406
-11555.68752573
-11555.69050220
-11555.68988451
-11555.68293396
-11555.68056585
-11555.68874597
-11555.68802129
-11555.67617774
-11555.67065986
-11555.67392654
-11555.68386178
-11555.70092719
-11555.72037786
-11555.72849825
-11555.72645408
-11555.72163736
-11555.71775321
-11555.71251912
-11555.70868234
-11555.70813116
-11555.71274884
-11555.72382909
-11555.73835322
-11555.74989040
-11555.75548436
-11555.75284606
-11555.74164237
-11555.72137401
-11555.70707766
-11555.70753062
-11555.71461201
-11555.72101198
-11555.73052948
-11555.74420901
-11555.75629359
-11555.76582164
-11555.76583816
-11555.75528184
-11555.74265719
-11555.73076726
-11555.72473380
-11555.72482720
-11555.72996498
-11555.73639962
-11555.73880442
-11555.74250835
-11555.75226057
-11555.75750327
-11555.75306819
-11555.74521002
-11555.73869894
-11555.73770162
-11555.74044017
-11555.74541715
-11555.75058689
-11555.75817726
-11555.76563628
-11555.76948333
-11555.76430220
-11555.75280536
-11555.73880714
-11555.72962443
-11555.73125042
-11555.74280831
-11555.75690296
-11555.76749034
-11555.78338226
-11555.80487962
-11555.82242094
-11555.82697606
-11555.82638994
-11555.82610519
-11555.82217457
-11555.81785338
-11555.82193298
-11555.82643092
-11555.82286738
-11555.81559503
-11555.80897205
-11555.81453518
-11555.82887457
-11555.83690552
-11555.82708584
-11555.81001976
-11555.81125509
-11555.82783663
-11555.84172156
-11555.84251332
-11555.83790848
-11555.84189528
-11555.86001792
-11555.87786040
-11555.87175025
-11555.84365601
-11555.82370020
-11555.82591189
-11555.84170704
-11555.84852446
-11555.84054805
-11555.83134669
-11555.82714736
-11555.83068087
-11555.82695640
-11555.80755681
-11555.77328902
-11555.75790800
-11555.76460943
-11555.77432481
-11555.77597963
-11555.76763997
-11555.76047006
-11555.76839271
-11555.79188568
-11555.80805204
-11555.80021345
-11555.78232512
-11555.77141768
-11555.76655475
-11555.76329328
-11555.74846461
-11555.72039308
-11555.69632738
-11555.69123465
-11555.70326648
-11555.70990530
-11555.69269536
-11555.66967347
-11555.65843449
-11555.66298983
-11555.67069465
-11555.67440074
-11555.66654209
-11555.66433468
-11555.67830322
-11555.70197153
-11555.71349747
-11555.70124120
-11555.68369884
-11555.68320094
-11555.70378396
-11555.71895076
-11555.71353873
-11555.69321150
-11555.67533076
-11555.67683337
-11555.68867732
-11555.68697935
-11555.67064770
-11555.66483738
-11555.68579325
-11555.72473041
-11555.75389075
-11555.75607038
-11555.75088449
-11555.75941411
-11555.78398732
-11555.80489941
-11555.79878293
-11555.76794169
-11555.73206870
-11555.71892811
-11555.72380097
-11555.71858601
-11555.68634017
-11555.65227540
-11555.65056121
-11555.68016587
-11555.70949957
-11555.70349000
-11555.67933245
-11555.67557478
-11555.69951044
-11555.72818390
-11555.73558796
-11555.72389168
-11555.71546317
-11555.72532454
-11555.74622119
-11555.76047182
-11555.75351279
-11555.73972019
-11555.74209289
-11555.75506293
-11555.76215530
-11555.75369644
-11555.73428745
-11555.71487498
-11555.70549139
-11555.70604931
-11555.70810346
-11555.70125066
-11555.69722355
-11555.70395020
-11555.71493303
-11555.72104736
-11555.71843402
-11555.71039126
-11555.70641807
-11555.70880687
-11555.71926018
-11555.73477287
-11555.75449662
-11555.77052427
-11555.78112105
-11555.78731505
-11555.79404596
-11555.79800220
-11555.79593528
-11555.78733793
-11555.77557710
-11555.76642714
-11555.76316668
-11555.76175206
-11555.75965785
-11555.75909983
-11555.75859983
-11555.75917847
-11555.75973475
-11555.75927286
-11555.75881677
-11555.76349733
-11555.77161872
-11555.77875873
-11555.78525101
-11555.79073813
-11555.79480330
-11555.79353964
-11555.79326812
-11555.79210660
-11555.78515354
-11555.78149148
-11555.78689163
-11555.79632484
-11555.80200890
-11555.79991493
-11555.79095971
-11555.78309469
-11555.78458358
-11555.78924669
-11555.79140175
-11555.79205465
-11555.79069849
-11555.78739736
-11555.78139478
-11555.77200588
-11555.77251172
-11555.77770863
-11555.78031827
-11555.78157957
-11555.78368581
-11555.79117936
-11555.79693829
-11555.79168388
-11555.78070810
-11555.76981093
-11555.75955796
-11555.74902921
-11555.73116560
-11555.69960924
-11555.67153364
-11555.66044787
-11555.66659633
-11555.67864562
-11555.68031521
-11555.67565648
-11555.67773997
-11555.68570582
-11555.69161241
-11555.68489696
-11555.67188523
-11555.66801110
-11555.67692630
-11555.69318383
-11555.71146712
-11555.72571893
-11555.73677242
-11555.75606946
-11555.78383172
-11555.80551094
-11555.80536734
-11555.78939712
-11555.78217114
-11555.78119464
-11555.77757681
-11555.76894736
-11555.75712850
-11555.75082237
-11555.75579493
-11555.76463159
-11555.76206612
-11555.74757292
-11555.73578087
-11555.72940540
-11555.71528864
-11555.69774206
-11555.68032804
-11555.66990127
-11555.66269284
-11555.66640244
-11555.67392045
-11555.67348558
-11555.66227758
-11555.65824465
-11555.66653858
-11555.67344130
-11555.66712859
-11555.64829539
-11555.63024688
-11555.62723654
-11555.64252345
-11555.65925296
-11555.66541328
-11555.67067949
-11555.68411863
-11555.70776355
-11555.72641066
-11555.72381243
-11555.70163732
-11555.68238252
-11555.67651993
-11555.68217464
-11555.68115508
-11555.66949071
-11555.65787974
-11555.65567140
-11555.66043941
-11555.66581056
-11555.65915489
-11555.64413126
-11555.63377751
-11555.63565616
-11555.64301270
-11555.63922226
-11555.62004136
-11555.60005684
-11555.59829365
-11555.60780685
-11555.61300368
-11555.61633680
-11555.62110721
-11555.62653578
-11555.62181543
-11555.60815952
-11555.59697486
-11555.58935568
-11555.57830502
-11555.57408170
-11555.58718365
-11555.61168976
-11555.63494812
-11555.64316069
-11555.64338462
-11555.64187789
-11555.64806713
-11555.66404626
-11555.67684719
-11555.67881451
-11555.67788349
-11555.68034356
-11555.69327989
-11555.70612988
-11555.70864729
-11555.70689307
-11555.71408211
-11555.72978153
-11555.74171954
-11555.74124882
-11555.72801407
-11555.70722232
-11555.69514560
-11555.69120804
-11555.68350732
-11555.67494956
-11555.67601409
-11555.68923491
-11555.70434518
-11555.71671969
-11555.71987387
-11555.70747918
-11555.69083978
-11555.68403004
-11555.68715817
-11555.68466278
-11555.67525814
-11555.67588736
-11555.68359707
-11555.69157828
-11555.70186940
-11555.70972166
-11555.71336883
-11555.71353765
-11555.71902940
-11555.72581242
-11555.72220181
-11555.70863147
-11555.69552469
-11555.69503249
-11555.70798367
-11555.72428626
-11555.73295558
-11555.72617532
-11555.70907485
-11555.69617562
-11555.69179353
-11555.69481802
-11555.69735483
-11555.70100119
-11555.70687587
-11555.71632385
-11555.72952521
-11555.73114237
-11555.71066594
-11555.68204212
-11555.67504520
-11555.69734059
-11555.72637788
-11555.74229306
-11555.75165945
-11555.76881783
-11555.78566412
-11555.79304309
-11555.78635915
-11555.76829522
-11555.74900779
-11555.73902833
-11555.74122850
-11555.74734994
-11555.75071552
-11555.75481632
-11555.76071472
-11555.76934561
-11555.78584159
-11555.80524723
-11555.81742617
-11555.82303385
-11555.82506579
-11555.82157471
-11555.81380813
-11555.80176683
-11555.79088400
-11555.78931357
-11555.80325587
-11555.82441664
-11555.84031792
-11555.84679481
-11555.84790020
-11555.84920663
-11555.84453505
-11555.83414087
-11555.82038059
-11555.80915163
-11555.81177702
-11555.82074241
-11555.82396300
-11555.81622656
-11555.79861256
-11555.79004559
-11555.79464750
-11555.79913849
-11555.79649887
-11555.79137142
-11555.78896395
-11555.79246362
-11555.79671998
-11555.79518237
-11555.78930139
-11555.78959324
-11555.80723875
-11555.83301494
-11555.85314728
-11555.86092844
-11555.86500258
-11555.86936906
-11555.86712954
-11555.86113621
-11555.85316349
-11555.84726469
-11555.84981402
-11555.86603451
-11555.88083941
-11555.88161041
-11555.87338190
-11555.87554095
-11555.88621113
-11555.88334722
-11555.86346657
-11555.84367001
-11555.84190441
-11555.85838751
-11555.87678191
-11555.87981403
-11555.87351834
-11555.87555298
-11555.89489755
-11555.91158657
-11555.90955915
-11555.89385600
-11555.88300411
-11555.88286171
-11555.88522819
-11555.87887500
-11555.86319741
-11555.85130581
-11555.84894627
-11555.85134307
-11555.84751539
-11555.83179586
-11555.80898895
-11555.79422970
-11555.78851946
-11555.79034333
-11555.79133386
-11555.78563713
-11555.77879772
-11555.77662697
-11555.77241345
-11555.75485337
-11555.73010975
-11555.71149824
-11555.70418831
-11555.70021002
-11555.70630846
-11555.71642907
-11555.72146045
-11555.72471907
-11555.73168996
-11555.73696199
-11555.73337804
-11555.72728368
-11555.72965421
-11555.73592679
-11555.74336446
-11555.74902817
-11555.75426256
-11555.75533207
-11555.75280876
-11555.74548343
-11555.73551216
-11555.72632188
-11555.72447735
-11555.72333717
-11555.71585688
-11555.69680500
-11555.67795280
-11555.67345502
-11555.68228787
-11555.69521013
-11555.70566127
-11555.71421242
-11555.72961745
-11555.74616934
-11555.75403906
-11555.75235884
-11555.74021901
-11555.72554984
-11555.71744672
-11555.72380325
-11555.73961478
-11555.74756150
-11555.74906228
-11555.74941642
-11555.75323012
-11555.76388783
-11555.78149919
-11555.79635962
-11555.80018560
-11555.80303205
-11555.81306989
-11555.82338288
-11555.82296764
-11555.80599934
-11555.79167315
-11555.79520563
-11555.81723715
-11555.84322369
-11555.85722393
-11555.85705679
-11555.84957603
-11555.84393457
-11555.84280244
-11555.84859970
-11555.85036708
-11555.85375000
-11555.86628998
-11555.88257512
-11555.88423798
-11555.86390978
-11555.83411997
-11555.81219553
-11555.80138504
-11555.79526645
-11555.79218100
-11555.79206529
-11555.79275690
-11555.79719261
-11555.79999569
-11555.78954737
-11555.76823541
-11555.75583258
-11555.76269050
-11555.77793406
-11555.78305904
-11555.77345660
-11555.76108539
-11555.75862472
-11555.76328986
-11555.76211000
-11555.75208729
-11555.73848747
-11555.73622938
-11555.74699082
-11555.75219188
-11555.74017033
-11555.71435783
-11555.70122509
-11555.71375899
-11555.73809570
-11555.75738692
-11555.75977017
-11555.75065509
-11555.74043249
-11555.72671228
-11555.70780156
-11555.67935487
-11555.65407248
-11555.64961243
-11555.66483035
-11555.68007986
-11555.69044677
-11555.69536669
-11555.69716334
-11555.70364077
-11555.71515924
-11555.72138183
-11555.72352368
-11555.72944627
-11555.73709896
-11555.73358708
-11555.71914795
-11555.70247204
-11555.69002947
-11555.68643430
-11555.69416714
-11555.70843202
-11555.71240596
-11555.70699422
-11555.69593929
-11555.68776055
-11555.67736419
-11555.67292046
-11555.67079070
-11555.66717287
-11555.67142691
-11555.68544578
-11555.70224401
-11555.70817992
-11555.70045346
-11555.68621085
-11555.68064265
-11555.68894037
-11555.69927674
-11555.69679970
-11555.68758445
-11555.68856494
-11555.70287943
-11555.71563344
-11555.71628044
-11555.71062252
-11555.71520531
-11555.73177387
-11555.74479638
-11555.73505733
-11555.70501493
-11555.67619343
-11555.66541455
-11555.66845235
-11555.67465918
-11555.67610337
-11555.68233519
-11555.70535272
-11555.73555064
-11555.74975260
-11555.73846061
-11555.72196982
-11555.71728939
-11555.72301178
-11555.72845513
-11555.73297824
-11555.73933437
-11555.75075288
-11555.76933017
-11555.78496445
-11555.79433295
-11555.80198782
-11555.81464662
-11555.82474483
-11555.83020143
-11555.83387573
-11555.82797446
-11555.81939369
-11555.81008127
-11555.79937787
-11555.79059937
-11555.78848921
-11555.79438434
-11555.80183665
-11555.80198969
-11555.80454237
-11555.80871456
-11555.80749716
-11555.80477073
-11555.81212542
-11555.83129823
-11555.85154950
-11555.86156252
-11555.85798945
-11555.84555929
-11555.83408353
-11555.83179770
-11555.82902315
-11555.81907099
-11555.81654358
-11555.81883894
-11555.81813597
-11555.81480718
-11555.80384755
-11555.78521438
-11555.76434160
-11555.75694349
-11555.76738476
-11555.78398303
-11555.79250590
-11555.78833615
-11555.77940132
-11555.78141749
-11555.78795545
-11555.79454044
-11555.80100363
-11555.81146784
-11555.82641460
-11555.84692990
-11555.86734886
-11555.87322621
-11555.85823936
-11555.84105193
-11555.83913713
-11555.85013519
-11555.85935464
-11555.85599532
-11555.84504180
-11555.83386476
-11555.83028451
-11555.83126772
-11555.82504281
-11555.81688183
-11555.81668902
-11555.81970657
-11555.81495399
-11555.79592925
-11555.76327912
-11555.73205978
-11555.71470979
-11555.71757099
-11555.72776774
-11555.73925899
-11555.75185213
-11555.76367337
-11555.77244501
-11555.77321727
-11555.75947064
-11555.73569537
-11555.71781621
-11555.72045680
-11555.73941659
-11555.75388594
-11555.75318834
-11555.75241559
-11555.75886699
-11555.76823107
-11555.76613826
-11555.74134154
-11555.71501885
-11555.70696820
-11555.71257534
-11555.71729421
-11555.71453326
-11555.71090079
-11555.71706085
-11555.73397302
-11555.75424251
-11555.76257329
-11555.75053618
-11555.73962781
-11555.73612920
-11555.73846932
-11555.74370681
-11555.75180735
-11555.76477552
-11555.78335145
-11555.79704109
-11555.79512369
-11555.77764329
-11555.75840278
-11555.74210215
-11555.72672761
-11555.71128486
-11555.70181254
-11555.71056740
-11555.73121232
-11555.74547824
-11555.74677455
-11555.73709660
-11555.72776915
-11555.72616907
-11555.72328738
-11555.71481717
-11555.70143048
-11555.70058927
-11555.71213442
-11555.71970970
-11555.71326994
-11555.69889723
-11555.69251435
-11555.70095942
-11555.71715895
-11555.72287948
-11555.71836295
-11555.72538216
-11555.74931652
-11555.77364684
-11555.78091755
-11555.77340079
-11555.76538095
-11555.77056464
-11555.79328319
-11555.81132824
-11555.80981901
-11555.79509620
-11555.78812957
-11555.79880199
-11555.81783213
-11555.82538699
-11555.81784204
-11555.81326116
-11555.82735019
-11555.85396644
-11555.87353679
-11555.87580977
-11555.86975852
-11555.86851905
-11555.87627770
-11555.89034771
-11555.89668062
-11555.88944605
-11555.87896671
-11555.86817515
-11555.86234373
-11555.86854138
-11555.87255339
-11555.86628002
-11555.85440273
-11555.84031825
-11555.83099957
-11555.83200875
-11555.84614033
-11555.86457131
-11555.87683545
-11555.88956494
-11555.90833353
-11555.92418496
-11555.92709479
-11555.91557061
-11555.89633345
-11555.88420708
-11555.88706089
-11555.89206650
-11555.87950571
-11555.86078367
-11555.85894327
-11555.87725100
-11555.89097495
-11555.88032871
-11555.86014352
-11555.86125280
-11555.88370597
-11555.90873964
-11555.91550525
-11555.90741536
-11555.91006345
-11555.93523095
-11555.95960997
-11555.95316859
-11555.92775764
-11555.90802570
-11555.91174539
-11555.93109176
-11555.93952350
-11555.92782206
-11555.91590271
-11555.92353029
-11555.94926393
-11555.97250401
-11555.97636860
-11555.96459548
-11555.96039044
-11555.96694603
-11555.96879106
-11555.95423618
-11555.92949462
-11555.91773723
-11555.92375444
-11555.93388881
-11555.93695900
-11555.93713161
-11555.94305771
-11555.95278088
-11555.95467901
-11555.94438146
-11555.91819453
-11555.89747165
-11555.89112206
-11555.89261525
-11555.89188122
-11555.88942076
-11555.89630629
-11555.91838100
-11555.94742775
-11555.96568575
-11555.96461692
-11555.95198774
-11555.93948010
-11555.94024116
-11555.94881087
-11555.94205027
-11555.91985443
-11555.91019733
-11555.91991528
-11555.93176681
-11555.93216031
-11555.92140045
-11555.90826514
-11555.90349692
-11555.90282682
-11555.89492140
-11555.87621249
-11555.85166784
-11555.83412177
-11555.83238372
-11555.84013695
-11555.84969875
-11555.86100060
-11555.86467904
-11555.85831217
-11555.85542942
-11555.85253020
-11555.84808690
-11555.84499888
-11555.84482231
-11555.85048322
-11555.86414746
-11555.88779289
-11555.90961805
-11555.91714964
-11555.91449216
-11555.92200727
-11555.93938634
-11555.95240512
-11555.95419644
-11555.95063113
-11555.94215190
-11555.93646479
-11555.93526640
-11555.92892834
-11555.91379246
-11555.89344140
-11555.88508300
-11555.88360793
-11555.87411664
-11555.85534998
-11555.83855335
-11555.82816442
-11555.82612442
-11555.82858312
-11555.83097907
-11555.83421953
-11555.83985367
-11555.84488213
-11555.84411991
-11555.83604762
-11555.82344478
-11555.81208143
-11555.80969990
-11555.81368526
-11555.81727927
-11555.81844693
-11555.82617063
-11555.84721216
-11555.87480945
-11555.89455502
-11555.90047053
-11555.90249545
-11555.90791473
-11555.91251029
-11555.90634332
-11555.88548568
-11555.86536422
-11555.85708370
-11555.86157627
-11555.86959318
-11555.87473622
-11555.87963469
-11555.88315683
-11555.88395624
-11555.88950571
-11555.89202265
-11555.88952262
-11555.88285566
-11555.88039833
-11555.88347853
-11555.88118425
-11555.87094957
-11555.85591017
-11555.84565893
-11555.83881879
-11555.83808719
-11555.83556066
-11555.83066939
-11555.83972236
-11555.86520058
-11555.88701779
-11555.88475043
-11555.87209159
-11555.86987611
-11555.87788347
-11555.87566723
-11555.84954910
-11555.81643159
-11555.79366028
-11555.78770824
-11555.79326892
-11555.79350139
-11555.78391102
-11555.78096363
-11555.79961007
-11555.83266804
-11555.85184978
-11555.84224765
-11555.81837748
-11555.79780154
-11555.79720159
-11555.80592782
-11555.79946395
-11555.77763020
-11555.76762759
-11555.77703404
-11555.79263733
-11555.79441039
-11555.78477779
-11555.77685036
-11555.78850119
-11555.81948120
-11555.85090997
-11555.87281942
-11555.88898057
-11555.90087834
-11555.90668479
-11555.90715427
-11555.90611510
-11555.90110224
-11555.89109560
-11555.88219413
-11555.88335756
-11555.89193157
-11555.89885864
-11555.90377770
-11555.90531699
-11555.90594711
-11555.91210329
-11555.92520514
-11555.93163455
-11555.92442882
-11555.91106595
-11555.90290254
-11555.90180184
-11555.90520874
-11555.90486791
-11555.89702628
-11555.88847402
-11555.88769634
-11555.89341054
-11555.89055058
-11555.87687371
-11555.86172376
-11555.85447621
-11555.86138991
-11555.87911492
-11555.89453616
-11555.90255584
-11555.91025264
-11555.92579628
-11555.94301020
-11555.94453355
-11555.93367576
-11555.92379382
-11555.92635927
-11555.93616814
-11555.94477933
-11555.94574132
-11555.94660711
-11555.95178906
-11555.96618768
-11555.97894078
-11555.97702057
-11555.96843353
-11555.96747782
-11555.97881140
-11555.99158925
-11555.99276191
-11555.98680475
-11555.98431467
-11555.98896841
-11555.99611313
-11555.99535526
-11555.98457363
-11555.97373003
-11555.97186475
-11555.97693373
-11555.98040094
-11555.97806295
-11555.97431284
-11555.97538481
-11555.98437465
-11555.99519408
-11556.00314737
-11556.00950676
-11556.01583640
-11556.02496611
-11556.03449986
-11556.03464972
-11556.02360016
-11556.00808387
-11555.99319848
-11555.98893068
-11555.99651457
-11556.00349756
-11556.01102655
-11556.02657589
-11556.04501437
-11556.05782472
-11556.05855437
-11556.05245765
-11556.04396554
-11556.04278897
-11556.04220100
-11556.03871001
-11556.02975280
-11556.02064447
-11556.02094178
-11556.02839299
-11556.02996449
-11556.02491145
-11556.01790136
-11556.01517252
-11556.01563506
-11556.01437707
-11556.00463267
-11555.99119229
-11555.98911897
-11555.99690076
-11556.00072955
-11555.99735055
-11555.98629300
-11555.96824781
-11555.94844268
-11555.93013947
-11555.90789889
-11555.88929512
-11555.88046373
-11555.88308349
-11555.88855315
-11555.89381486
-11555.90041679
-11555.90001922
-11555.89379553
-11555.88265403
-11555.87159578
-11555.86490065
-11555.86598464
-11555.87472480
-11555.88748267
-11555.90425670
-11555.92347794
-11555.94484964
-11555.96234230
-11555.97017579
-11555.97039447
-11555.97132834
-11555.97123260
-11555.96947139
-11555.96597667
-11555.96360330
-11555.96636546
-11555.97506228
-11555.98380303
-11555.98314981
-11555.96717640
-11555.95237768
-11555.95023035
-11555.94992225
-11555.94185787
-11555.92897269
-11555.92299021
-11555.93307575
-11555.94865504
-11555.95112601
-11555.93021844
-11555.90377789
-11555.90030016
-11555.91072657
-11555.91129736
-11555.89265988
-11555.87235394
-11555.87112868
-11555.88609798
-11555.89978692
-11555.90638100
-11555.90781887
-11555.91251045
-11555.93207643
-11555.95839408
-11555.97287137
-11555.96940022
-11555.95743902
-11555.94989704
-11555.94787103
-11555.94553918
-11555.94108405
-11555.93124974
-11555.92104884
-11555.91836233
-11555.92928263
-11555.94253906
-11555.94828967
-11555.94632963
-11555.94741114
-11555.96061225
-11555.97635077
-11555.97846183
-11555.97061206
-11555.96421073
-11555.96538704
-11555.97069650
-11555.97412746
-11555.97988471
-11555.98890235
-11555.99539757
-11555.98908658
-11555.97293987
-11555.95901780
-11555.95571755
-11555.95388029
-11555.94685943
-11555.94146235
-11555.94899079
-11555.96494450
-11555.97756859
-11555.97727816
-11555.96489996
-11555.95142346
-11555.94459148
-11555.93502866
-11555.91452141
-11555.88695775
-11555.85971437
-11555.84301710
-11555.83570965
-11555.83210145
-11555.82553630
-11555.82100848
-11555.81903130
-11555.82202302
-11555.82566927
-11555.82652554
-11555.82048460
-11555.81602949
-11555.82393264
-11555.83996452
-11555.85292981
-11555.85682497
-11555.85353333
-11555.85415636
-11555.85881993
-11555.85884201
-11555.85481994
-11555.84928177
-11555.84708545
-11555.84856014
-11555.85571286
-11555.86312300
-11555.86498360
-11555.86340278
-11555.86343165
-11555.87291273
-11555.88648471
-11555.89796952
-11555.90721903
-11555.91495553
-11555.92440777
-11555.93244113
-11555.93733224
-11555.93568648
-11555.92801168
-11555.92686462
-11555.93169300
-11555.93423924
-11555.93154475
-11555.92977247
-11555.93347191
-11555.93884439
-11555.94620080
-11555.95160971
-11555.94953797
-11555.94031970
-11555.93332105
-11555.93109878
-11555.93149430
-11555.92790443
-11555.92190784
-11555.92156606
-11555.92966877
-11555.94163800
-11555.94639455
-11555.94119125
-11555.93367742
-11555.93214667
-11555.93742220
-11555.94588624
-11555.95001388
-11555.95037137
-11555.95585518
-11555.96623247
-11555.97766577
-11555.98352674
-11555.98308521
-11555.97808311
-11555.96977431
-11555.96699433
-11555.97153474
-11555.97142978
-11555.96151241
-11555.95014711
-11555.94276118
-11555.93807109
-11555.92756188
-11555.91613274
-11555.90653682
-11555.90189784
-11555.90172888
-11555.90638929
-11555.91880931
-11555.92877269
-11555.93068815
-11555.93054182
-11555.93421083
-11555.93874754
-11555.93299119
-11555.91497078
-11555.89767630
-11555.88504443
-11555.87984590
-11555.88178141
-11555.88069064
-11555.87541176
-11555.87054316
-11555.86809057
-11555.86860092
-11555.86424803
-11555.85743928
-11555.84730110
-11555.84338604
-11555.85241193
-11555.86962176
-11555.88189612
-11555.88154454
-11555.87836319
-11555.88183296
-11555.88936825
-11555.89275801
-11555.88403473
-11555.87032448
-11555.85938384
-11555.85606707
-11555.85138662
-11555.83601829
-11555.81798311
-11555.80858084
-11555.80972186
-11555.81171927
-11555.80957528
-11555.81024537
-11555.81343617
-11555.81727346
-11555.81989664
-11555.82755723
-11555.83898117
-11555.84986672
-11555.85041184
-11555.84242159
-11555.83731719
-11555.84199938
-11555.85245992
-11555.86231154
-11555.86878427
-11555.87742503
-11555.89539292
-11555.91479015
-11555.92269550
-11555.91590638
-11555.90804926
-11555.90851661
-11555.91612324
-11555.92085630
-11555.92331842
-11555.93094658
-11555.94304056
-11555.95779827
-11555.97047144
-11555.97271966
-11555.96320682
-11555.95115153
-11555.94386319
-11555.93822959
-11555.93099555
-11555.92092818
-11555.91439579
-11555.91391641
-11555.91504137
-11555.91717180
-11555.92756727
-11555.94590635
-11555.95984032
-11555.96341136
-11555.96288366
-11555.95994646
-11555.95187114
-11555.94500261
-11555.94233690
-11555.94111503
-11555.93940955
-11555.94235834
-11555.95160100
-11555.96063636
-11555.96679501
-11555.97161594
-11555.98060313
-11555.99451253
-11556.00750655
-11556.01210796
-11556.01384913
-11556.01358577
-11556.01159491
-11555.99904979
-11555.98469243
-11555.97666205
-11555.97319974
-11555.97285754
-11555.97515030
-11555.97231037
-11555.96810825
-11555.96932260
-11555.97604996
-11555.97869063
-11555.98097366
-11555.97906847
-11555.97362305
-11555.96614399
-11555.96099777
-11555.95813066
-11555.94829551
-11555.93532185
-11555.93060303
-11555.93650648
-11555.95376325
-11555.96996914
-11555.97684973
-11555.97822657
-11555.98688732
-11556.00381616
-11556.02101902
-11556.02981072
-11556.02911799
-11556.02288275
-11556.02129027
-11556.02165330
-11556.01760366
-11556.00429225
-11555.99562676
-11556.00106018
-11556.01369362
-11556.02064304
-11556.01676598
-11556.00597643
-11555.98997457
-11555.97380020
-11555.96553911
-11555.96166128
-11555.96148343
-11555.96615820
-11555.97882189
-11555.99238209
-11556.00090763
-11556.00684257
-11556.00625525
-11555.99820434
-11555.99273226
-11555.99440438
-11555.99382151
-11555.98656182
-11555.97298374
-11555.96053625
-11555.95939880
-11555.96933897
-11555.97908330
-11555.97682527
-11555.97832808
-11555.98765961
-11555.99879834
-11556.00143214
-11555.99122775
-11555.97663948
-11555.97622410
-11555.99770849
-11556.02593555
-11556.03766025
-11556.02681434
-11556.01307156
-11556.01092859
-11556.01200726
-11556.00136843
-11555.97847870
-11555.95414020
-11555.94681691
-11555.95558687
-11555.96122971
-11555.95436454
-11555.94232870
-11555.93798734
-11555.95422021
-11555.97808863
-11555.98653504
-11555.97603384
-11555.95699183
-11555.94329759
-11555.93694867
-11555.92973120
-11555.92165717
-11555.92002069
-11555.92867632
-11555.94790869
-11555.96488910
-11555.96511112
-11555.95189863
-11555.94356620
-11555.94145270
-11555.94860615
-11555.95465193
-11555.94486894
-11555.93304128
-11555.93659528
-11555.94747852
-11555.94453021
-11555.92613715
-11555.90882705
-11555.91367190
-11555.93490158
-11555.95144978
-11555.94982519
-11555.94017885
-11555.93641855
-11555.94653231
-11555.95845877
-11555.95966229
-11555.95705037
-11555.96474775
-11555.98656139
-11556.00903513
-11556.02034357
-11556.02596640
-11556.03903408
-11556.05725970
-11556.07210031
-11556.07871567
-11556.08022266
-11556.08489516
-11556.08943771
-11556.08580294
-11556.06917211
-11556.04597965
-11556.03107869
-11556.02299663
-11556.01030051
-11555.99265359
-11555.97691247
-11555.97139687
-11555.97988948
-11555.99513652
-11556.00677856
-11556.01831554
-11556.03658454
-11556.06168705
-11556.08131184
-11556.08948136
-11556.08629056
-11556.08192487
-11556.08122854
-11556.09105051
-11556.09824379
-11556.09427219
-11556.08738662
-11556.08800878
-11556.09423534
-11556.09842129
-11556.09367392
-11556.08262576
-11556.07990948
-11556.08516386
-11556.09149939
-11556.09717088
-11556.09235004
-11556.07814627
-11556.06831636
-11556.07092262
-11556.06920962
-11556.06271548
-11556.05444872
