energia
-11554.17324051
-11554.16747208
-11554.15664347
-11554.14516947
-11554.13618944
-11554.13106324
-11554.13060829
-11554.13676932
-11554.14836043
-11554.15563797
-11554.15602993
-11554.14602172
-11554.13442812
-11554.13831760
-11554.16302513
-11554.19543496
-11554.21673089
-11554.21771865
-11554.20233312
-11554.18075869
-11554.16635955
-11554.16184538
-11554.16394403
-11554.17045103
-11554.18151216
-11554.19599852
-11554.21166044
-11554.22764293
-11554.24398960
-11554.26158902
-11554.28203696
-11554.30740721
-11554.33859026
-11554.37069200
-11554.39579498
-11554.41001533
-11554.41469511
-11554.41651187
-11554.42086919
-11554.43068105
-11554.44694063
-11554.46715565
-11554.48663493
-11554.50223518
-11554.51360925
-11554.52352735
-11554.53292872
-11554.54530003
-11554.56483216
-11554.59054821
-11554.61825906
-11554.64464704
-11554.66734370
-11554.68582199
-11554.69962025
-11554.70866103
-11554.71652892
-11554.72791908
-11554.74146957
-11554.75214060
-11554.75623952
-11554.75341607
-11554.74877145
-11554.74813614
-11554.75177819
-11554.75640763
-11554.75912649
-11554.76116881
-11554.76642998
-11554.77434431
-11554.77961343
-11554.77898558
-11554.77634177
-11554.77669601
-11554.78193796
-11554.78843118
-11554.79133424
-11554.78766950
-11554.77966650
-11554.77066759
-11554.76353653
-11554.76108336
-11554.76214612
-11554.76563502
-11554.77143111
-11554.77929775
-11554.78726173
-11554.72421413
-11554.70618861
-11554.68204035
-11554.65879422
-11554.64005784
-11554.62493917
-11554.60949218
-11554.59342625
-11554.57744985
-11554.56317306
-11554.55037797
-11554.53589735
-11554.51647665
-11554.49302681
-11554.47238793
-11554.45955001
-11554.45259579
-11554.44738729
-11554.44098854
-11554.42917393
-11554.41147148
-11554.38961412
-11554.36833048
-11554.34849068
-11554.32919544
-11554.30874323
-11554.28690515
-11554.26392516
-11554.24125855
-11554.22144788
-11554.20694812
-11554.19744948
-11554.19217741
-11554.19157477
-11554.19809277
-11554.21287988
-11554.23054974
-11554.24211229
-11554.24160567
-11554.22880672
-11554.20668260
-11554.18341339
-11554.17018717
-11554.17161269
-11554.17746609
-11554.17799125
-11554.17341656
-11554.16953704
-11554.16969753
-11554.17352398
-11554.17822351
-11554.18169071
-11554.18393163
-11554.18542720
-11554.18581813
-11554.18508832
-11554.18442995
-11554.18251390
-11554.17933586
-11554.17324133
-11554.16175442
-11554.14429993
-11554.12306019
-11554.11092039
-11554.11524714
-11554.12853937
-11554.14246294
-11554.15102219
-11554.15398734
-11554.15054203
-11554.14159393
-11554.12958636
-11554.11979467
-11554.11434844
-11554.10880272
-11554.09895495
-11554.08326835
-11554.06559842
-11554.05184302
-11554.04444740
-11554.04222677
-11554.04230944
-11554.04393710
-11554.04648107
-11554.04600251
-11554.03784080
-11554.01935129
-11554.00026952
-11553.99395639
-11554.00538047
-11554.02099556
-11554.02415671
-11554.01273840
-11553.99414175
-11553.97568816
-11553.96002036
-11553.94339868
-11553.92066007
-11553.89077047
-11553.85933281
-11553.83216672
-11553.81081140
-11553.79386420
-11553.77997182
-11553.77071368
-11553.76727995
-11553.76432620
-11553.75797596
-11553.74806448
-11553.73978170
-11553.73963502
-11553.74844533
-11553.75956669
-11553.76241484
-11553.74394067
-11553.69139401
-11553.60730291
-11553.52676583
-11553.50009229
-11553.53136737
-11553.56919684
-11553.57995328
-11553.56365401
-11553.53054590
-11553.49298783
-11553.45392602
-11553.41995386
-11553.39179259
-11553.37013980
-11553.34988712
-11553.32743282
-11553.30310357
-11553.27836026
-11553.25368049
-11553.22916672
-11553.20420473
-11553.18330841
-11553.16932773
-11553.15907509
-11553.15067722
-11553.13958724
-11553.12394636
-11553.10955631
-11553.10235886
-11553.10429860
-11553.10812665
-11553.10245265
-11553.07785653
-11553.03311017
-11552.97640623
-11552.92551113
-11552.89924120
-11552.88992851
-11552.88055913
-11552.86134726
-11552.83106887
-11552.79422647
-11552.75209843
-11552.71011394
-11552.67146824
-11552.63772717
-11552.60769756
-11552.58023155
-11552.55252964
-11552.52487920
-11552.49285890
-11552.45616490
-11552.41669139
-11552.37643146
-11552.33852876
-11552.30195159
-11552.26118282
-11552.21171836
-11552.15107240
-11552.08275664
-11552.03323000
-11552.00830520
-11551.99522393
-11551.97964522
-11551.95525644
-11551.92154150
-11551.87540526
-11551.81272724
-11551.73620659
-11551.65772767
-11551.58422868
-11551.51826492
-11551.46353093
-11551.42301840
-11551.39753190
-11551.37931702
-11551.35571877
-11551.31247549
-11551.25101752
-11551.16775935
-11551.07171547
-11550.99791800
-11550.98276331
-11551.00749169
-11551.01554440
-11550.98329950
-11550.92097781
-11550.83853361
-11550.75857139
-11550.70375853
-11550.67941097
-11550.67168674
-11550.66129661
-11550.63061333
-11550.58599308
-11550.54956779
-11550.53246139
-11550.52756068
-11550.52737825
-11550.53863722
-11550.56800609
-11550.61146926
-11550.65642815
-11550.69536460
-11550.73700577
-11550.80142562
-11550.89923794
-11551.01771664
-11551.13187218
-11551.22456071
-11551.30506422
-11551.38542408
-11551.47011243
-11551.55654323
-11551.64619752
-11551.75070075
-11551.88041254
-11552.02743384
-11552.16904564
-11552.27746356
-11552.34844270
-11552.38889114
-11552.42824677
-11552.50440672
-11552.62012754
-11552.73713610
-11552.82097576
-11552.87226337
-11552.90369499
-11552.92546045
-11552.94428454
-11552.96556810
-11552.99734570
-11553.04089940
-11553.08716277
-11553.12743188
-11553.16113633
-11553.19865301
-11553.25107677
-11553.31717920
-11553.38195644
-11553.42850455
-11553.44822307
-11553.44661082
-11553.44910494
-11553.47485925
-11553.51712128
-11553.55543055
-11553.58308831
-11553.60500381
-11553.62547911
-11553.64475078
-11553.66317741
-11553.68212848
-11553.70195071
-11553.72139920
-11553.73928415
-11553.75582601
-11553.77277343
-11553.79160266
-11553.80852794
-11553.81853478
-11553.81923987
-11553.81239485
-11553.80040300
-11553.78482083
-11553.76736371
-11553.76162509
-11553.77695063
-11553.80398496
-11553.82461390
-11553.83077141
-11553.82740220
-11553.82388089
-11553.82550083
-11553.83202045
-11553.84303996
-11553.85685138
-11553.87196275
-11553.88694314
-11553.90061029
-11553.91554914
-11553.93594115
-11553.96012704
-11553.97954768
-11553.98652967
-11553.98440388
-11553.98623027
-11554.00516429
-11554.03876545
-11554.07139718
-11554.09259107
-11554.10165340
-11554.10363255
-11554.10171680
-11554.09699399
-11554.09296843
-11554.09418963
-11554.10287084
-11554.12158855
-11554.14891981
-11554.17933483
-11554.20889035
-11554.23154239
-11554.23986974
-11554.23518332
-11554.22973874
-11554.24137224
-11554.27655747
-11554.32175603
-11554.35788144
-11554.37796738
-11554.38696042
-11554.39212859
-11554.39791244
-11554.40678871
-11554.42480023
-11554.45189655
-11554.48608116
-11554.52211928
-11554.55311710
-11554.57241137
-11554.57740082
-11554.57007140
-11554.55667134
-11554.54703259
-11554.55193994
-11554.57155696
-11554.59393006
-11554.60600366
-11554.60269312
-11554.58830622
-11554.56921195
-11554.55355648
-11554.54716525
-11554.55388263
-11554.57074859
-11554.59331434
-11554.61858279
-11554.64408414
-11554.66547285
-11554.67823142
-11554.67864048
-11554.66594173
-11554.64944857
-11554.64197574
-11554.65051643
-11554.66838176
-11554.68347607
-11554.68964545
-11554.68981824
-11554.68667691
-11554.68338352
-11554.68148352
-11554.68269257
-11554.68764180
-11554.69476682
-11554.70068407
-11554.70457830
-11554.70735228
-11554.70883670
-11554.70798794
-11554.70389729
-11554.69744155
-11554.69233336
-11554.69505732
-11554.70496289
-11554.71826058
-11554.72674449
-11554.72859043
-11554.72708856
-11554.72614801
-11554.72801723
-11554.73369114
-11554.74388414
-11554.75740280
-11554.77463293
-11554.79683684
-11554.82090139
-11554.83983660
-11554.84733648
-11554.84428884
-11554.83314601
-11554.82400770
-11554.82630806
-11554.84161483
-11554.86318945
-11554.88385666
-11554.90110923
-11554.91485651
-11554.92595560
-11554.93597768
-11554.94752676
-11554.96216857
-11554.98051714
-11555.00202726
-11555.02375020
-11555.04164781
-11555.05198699
-11555.05415049
-11555.04867980
-11555.03697172
-11555.02852972
-11555.02683525
-11555.03113327
-11555.03704057
-11555.03758664
-11555.02958973
-11555.01731173
-11555.00544439
-11554.99726821
-11554.99552199
-11554.99911304
-11555.00584278
-11555.01410790
-11555.02266776
-11555.03101752
-11555.03549291
-11555.03188380
-11555.02066968
-11555.00895638
-11555.00441318
-11555.00903623
-11555.01944764
-11555.02955761
-11555.03557421
-11555.03650499
-11555.03483087
-11555.03342399
-11555.03182692
-11555.02995918
-11555.02656333
-11555.02254924
-11555.02078789
-11555.02178750
-11555.02535052
-11555.02933718
-11555.03087260
-11555.02902108
-11555.02599218
-11555.02384872
-11555.02529317
-11555.03097530
-11555.03957728
-11555.05060714
-11555.06297664
-11555.07526294
-11555.08565467
-11555.09304203
-11555.09794197
-11555.10285787
-11555.10611692
-11555.10529249
-11555.10241805
-11555.10010485
-11555.10014754
-11555.10062991
-11555.09786684
-11555.08936380
-11555.07959787
-11555.07327107
-11555.07210912
-11555.07428394
-11555.07554814
-11555.07549601
-11555.07504365
-11555.07489576
-11555.07194069
-11555.06618470
-11555.06001790
-11555.05819502
-11555.06211714
-11555.06990543
-11555.07874546
-11555.08458539
-11555.08383570
-11555.07626573
-11555.06388620
-11555.05315409
-11555.05068162
-11555.05743536
-11555.07084029
-11555.08540986
-11555.09840402
-11555.10923426
-11555.11625005
-11555.12014677
-11555.12304508
-11555.12766287
-11555.13680971
-11555.15063116
-11555.16523861
-11555.17623756
-11555.18107993
-11555.17952601
-11555.17435688
-11555.16700687
-11555.16152749
-11555.15987665
-11555.16391082
-11555.17191099
-11555.17980300
-11555.18206217
-11555.17462992
-11555.16164991
-11555.14869737
-11555.13850178
-11555.13397152
-11555.13356910
-11555.13615991
-11555.14171612
-11555.14850777
-11555.15240875
-11555.14869525
-11555.13953684
-11555.12924871
-11555.12446559
-11555.12918226
-11555.14052864
-11555.15277401
-11555.16271257
-11555.17053260
-11555.17531240
-11555.17716126
-11555.17409501
-11555.16596467
-11555.15611428
-11555.14932251
-11555.14770030
-11555.14912680
