-11522.34588421
-11535.68266405
-11537.76683032
-11535.69254029
-11539.43552174
-11541.35727738
-11541.94776417
-11542.75093662
-11543.39972510
-11543.93565649
-11544.42962542
-11544.84323770
-11545.20684094
-11545.58647951
-11545.99495935
-11546.39641322
-11546.79229275
-11547.19013562
-11547.59094478
-11547.98147539
-11548.35017494
-11548.69105530
-11548.97911311
-11549.23486107
-11549.46577402
-11549.67096964
-11549.85530571
-11550.02482841
-11550.17872079
-11550.32104521
-11550.45050915
-11550.56828997
-11550.67820626
-11550.78529523
-11550.89109381
-11550.99264577
-11551.08775438
-11551.18020595
-11551.27288880
-11551.36900068
-11551.46839654
-11551.56573594
-11551.65498794
-11551.73264026
-11551.79724269
-11551.85188359
-11551.90266017
-11551.95163286
-11552.00081056
-11552.05358584
-11552.10965629
-11552.16838578
-11552.22998049
-11552.29357737
-11552.35707969
-11552.42024911
-11552.48003587
-11552.53763945
-11552.59286217
-11552.65061196
-11552.71466747
-11552.78266086
-11552.85259830
-11552.92087751
-11552.98420688
-11553.03762833
-11553.07965987
-11553.11156565
-11553.13886789
-11553.16893191
-11553.20735979
-11553.25708540
-11553.31368891
-11553.36731701
-11553.40969221
-11553.43671954
-11553.45013551
-11553.45622599
-11553.46277557
-11553.47520524
-11553.49518192
-11553.52029533
-11553.54491467
-11553.56533080
-11553.57925791
-11553.58946725
-11553.60095373
-11553.61781816
-11553.64049628
-11553.66642681
-11553.69166805
-11553.71486001
-11553.73549799
-11553.75534754
-11553.77488110
-11553.79509565
-11553.81726754
-11553.84180196
-11553.86677200
-11553.89014271
-11553.91084341
-11553.92797217
-11553.94168325
-11553.95411347
-11553.96755650
-11553.98341619
-11554.00131247
-11554.01892279
-11554.03351135
-11554.04291263
-11554.04749224
-11554.05007583
-11554.05465306
-11554.06430240
-11554.07915688
-11554.09671014
-11554.11405028
-11554.12864231
-11554.13902378
-11554.14574809
-11554.15002620
-11554.15343900
-11554.15940896
-11554.17024756
-11554.18400693
-11554.19632590
-11554.20460097
-11554.20869020
-11554.21139613
-11554.21581894
-11554.22430396
-11554.23895748
-11554.26050292
-11554.28678584
-11554.31347171
-11554.33639236
-11554.35119402
-11554.35721945
-11554.35741023
-11554.35772221
-11554.36188795
-11554.36896568
-11554.37509036
-11554.37692645
-11554.37484746
-11554.37071868
-11554.36788692
-11554.36859990
-11554.37394424
-11554.38239188
-11554.39086639
-11554.39725399
-11554.39901264
-11554.39417706
-11554.38531214
-11554.37611981
-11554.37218392
-11554.37595643
-11554.38597277
-11554.39754099
-11554.40630101
-11554.41137270
-11554.41520384
-11554.42053435
-11554.42872495
-11554.44021719
-11554.45483196
-11554.47198087
-11554.49042047
-11554.50741155
-11554.52052361
-11554.52823871
-11554.52981971
-11554.52769278
-11554.52583605
-11554.52773711
-11554.53475027
-11554.54519171
-11554.55414771
-11554.55648589
-11554.55003339
-11554.53793539
-11554.52737808
-11554.52191630
-11554.52242398
-11554.52622399
-11554.52941289
-11554.52760797
-11554.51872061
-11554.50632920
-11554.49593009
-11554.49450981
-11554.50298776
-11554.51718850
-11554.53197568
-11554.54427456
-11554.55410130
-11554.56387731
-11554.57572201
-11554.59287603
-11554.61424351
-11554.63755695
-11554.65975113
-11554.67885876
-11554.69349794
-11554.70172840
-11554.70386268
-11554.70260241
-11554.70429383
-11554.71077264
-11554.72037767
-11554.72940973
-11554.73448583
-11554.73459820
-11554.72916148
-11554.72101639
-11554.71372605
-11554.71124257
-11554.71459374
-11554.72089800
-11554.72662428
-11554.73024398
-11554.73218711
-11554.73504516
-11554.74165955
-11554.75354445
-11554.77081204
-11554.79186386
-11554.81339077
-11554.83421557
-11554.85265510
-11554.86889896
-11554.88222745
-11554.89070102
-11554.89912519
-11554.90768854
-11554.91722210
-11554.92753637
-11554.93786084
-11554.94592570
-11554.94982231
-11554.94915308
-11554.94628736
-11554.94454527
-11554.94645985
-11554.94966410
-11554.94817487
-11554.93840037
-11554.92189553
-11554.90256745
-11554.88503734
-11554.87104369
-11554.86306718
-11554.86124847
-11554.86360388
-11554.86778683
-11554.87306282
-11554.87964441
-11554.88754155
-11554.89577091
-11554.90355050
-11554.91179672
-11554.92070377
-11554.92887129
-11554.93504106
-11554.93920099
-11554.94190498
-11554.94361223
-11554.94504460
-11554.94676604
-11554.94949094
-11554.95336386
-11554.95709205
-11554.96191309
-11554.96648482
-11554.97030121
-11554.97301571
-11554.97394354
-11554.97222334
-11554.96899749
-11554.96516315
-11554.96061468
-11554.95598772
-11554.95164291
-11554.94861240
-11554.94775455
-11554.94975994
-11554.95401852
-11554.95870148
-11554.96310325
-11554.96769272
-11554.97450065
-11554.98573279
-11555.00236256
-11555.02377254
-11555.04752265
-11555.07081638
-11555.09008999
-11555.10397055
-11555.11408126
-11555.12320920
-11555.13243472
-11555.14116078
-11555.14917052
-11555.15732879
-11555.16590601
-11555.17402642
-11555.18122949
-11555.18721009
-11555.19191820
-11555.19480753
-11555.19598629
-11555.19601909
-11555.19583747
-11555.19516930
-11555.19284353
-11555.18799208
-11555.18184726
-11555.17528967
-11555.17006403
-11555.16803430
-11555.16889324
-11555.17197451
-11555.17528526
-11555.17714650
-11555.17696991
-11555.17676053
-11555.17834778
-11555.18126017
-11555.18405639
-11555.18675045
-11555.19055950
-11555.19703031
-11555.20660912
-11555.21899388
-11555.23352780
-11555.24859536
-11555.26365969
-11555.27837800
-11555.29376531
-11555.30886105
-11555.32042124
-11555.32569915
-11555.32551303
-11555.32112369
-11555.31629432
-11555.31323792
-11555.31160811
-11555.31045348
-11555.30906919
-11555.30669102
-11555.30461136
-11555.30443648
-11555.30488429
-11555.30349249
-11555.29962896
-11555.29425443
-11555.28968495
-11555.28739120
-11555.28733026
-11555.28859653
-11555.28995287
-11555.29134163
-11555.29239729
-11555.29592156
-11555.30002728
-11555.30234351
-11555.30207652
-11555.30068043
-11555.29956006
-11555.29985806
-11555.30293722
-11555.30811013
-11555.31268654
-11555.31454136
-11555.31315547
-11555.30946973
-11555.30540030
-11555.29955221
-11555.29034924
-11555.27771005
-11555.26391899
-11555.24981705
-11555.23584825
-11555.22540300
-11555.21599167
-11555.20593261
-11555.19578420
-11555.18921136
-11555.18684469
-11555.18640514
-11555.18491769
-11555.18261192
-11555.18191438
-11555.18405077
-11555.19322665
-11555.20713509
-11555.22310890
-11555.23758486
-11555.25005756
-11555.26356889
-11555.28022996
-11555.29873171
-11555.31721166
-11555.33465597
-11555.35140205
-11555.36576777
-11555.37698271
-11555.38474215
-11555.38925498
-11555.39068899
-11555.39011540
-11555.38955274
-11555.39021168
-11555.39067251
-11555.38835561
-11555.38171355
-11555.37201839
-11555.36328228
-11555.35654014
-11555.35341359
-11555.35390228
-11555.35613367
-11555.35825145
-11555.36034426
-11555.36385548
-11555.37010061
-11555.37898231
-11555.39021615
-11555.40379734
-11555.41936767
-11555.43530005
-11555.45020586
-11555.46212831
-11555.47024660
-11555.47458987
-11555.47815640
-11555.48560647
-11555.49785889
-11555.51120219
-11555.52161412
-11555.52758727
-11555.53053674
-11555.53217221
-11555.53382202
-11555.53490169
-11555.53519315
-11555.53451538
-11555.53391720
-11555.53506434
-11555.53643490
-11555.53547081
-11555.52994617
-11555.52084639
-11555.51145439
-11555.50444535
-11555.50023379
-11555.49660208
-11555.49156735
-11555.48416655
-11555.47689708
-11555.47290850
-11555.47265054
-11555.47473554
-11555.47772763
-11555.48081910
-11555.48338641
-11555.48550859
-11555.48629237
-11555.48554565
-11555.48315753
-11555.48147985
-11555.48359959
-11555.49111083
-11555.50117705
-11555.50938537
-11555.51339857
-11555.51378151
-11555.51303413
-11555.51356621
-11555.51590896
-11555.51868678
-11555.51995594
-11555.52024500
-11555.52225424
-11555.52567846
-11555.52669460
-11555.52309706
-11555.51669072
-11555.51056091
-11555.50664561
-11555.50480570
-11555.50465411
-11555.50390625
-11555.50143188
-11555.49882429
-11555.50028045
-11555.50712856
-11555.51632045
-11555.52477297
-11555.53166709
-11555.53699818
-11555.54078277
-11555.54283154
-11555.54318620
-11555.54171678
-11555.53863039
-11555.53738612
-11555.54054294
-11555.54635252
-11555.54972462
-11555.54717116
-11555.54177241
-11555.53606183
-11555.53223058
-11555.53053805
-11555.52992094
-11555.52776221
-11555.52299324
-11555.51696482
-11555.51162986
-11555.50514141
-11555.49577054
-11555.48434130
-11555.47430986
-11555.46901584
-11555.46979414
-11555.47537885
-11555.48318448
-11555.49070279
-11555.49628189
-11555.50109769
-11555.50790904
-11555.51641032
-11555.52354441
-11555.52726468
-11555.52797954
-11555.52767023
-11555.52682604
-11555.52594702
-11555.52650583
-11555.52931102
-11555.53306896
-11555.53646012
-11555.53899354
-11555.54291115
-11555.54814399
-11555.55101229
-11555.54880325
-11555.54242673
-11555.53448705
-11555.52722303
-11555.52251189
-11555.51841115
-11555.51289890
-11555.50460284
-11555.49471329
-11555.48764156
-11555.48770506
-11555.49337879
-11555.50060239
-11555.50698950
-11555.51138998
-11555.51332822
-11555.51407368
-11555.51494166
-11555.51662987
-11555.51888848
-11555.52146976
-11555.52367436
-11555.52579896
-11555.52835890
-11555.53099570
-11555.53171798
-11555.53057797
-11555.52895554
-11555.52924170
-11555.53212466
-11555.53708147
-11555.54253383
-11555.54624007
-11555.54622248
-11555.54344330
-11555.54058677
-11555.54231502
-11555.55113995
-11555.56511747
-11555.58093898
-11555.59787619
-11555.61754096
-11555.64127346
-11555.66751512
-11555.69358622
-11555.71292105
-11555.71786743
-11555.70146534
-11555.66696249
-11555.64406949
-11555.66120954
-11555.71222607
-11555.76007246
-11555.78172930
-11555.77467117
-11555.74666465
-11555.71062071
-11555.67805960
-11555.66507905
-11555.67578855
-11555.70529367
-11555.74152816
-11555.77198938
-11555.79007485
-11555.79365150
-11555.78404840
-11555.76571065
-11555.74111737
-11555.71478131
-11555.69084300
-11555.67112331
-11555.65650021
-11555.64615830
-11555.64059734
-11555.63609471
-11555.63124446
-11555.62909733
-11555.63240213
-11555.64114441
-11555.65535901
-11555.67042858
-11555.68079361
-11555.68265323
-11555.67679408
-11555.66464276
-11555.65871209
-11555.65893901
-11555.66608958
-11555.67786306
-11555.69029266
-11555.70001188
-11555.70613435
-11555.70896214
-11555.70997455
-11555.71080300
-11555.71440364
-11555.72531399
-11555.74444465
-11555.76459783
-11555.77383857
-11555.76378553
-11555.73519395
-11555.69752513
-11555.67042345
-11555.67112208
-11555.69683051
-11555.72892960
-11555.75140716
-11555.76171671
-11555.76350007
-11555.75989570
-11555.75348015
-11555.74860596
-11555.75064259
-11555.76279070
-11555.78410022
-11555.80971505
-11555.83280065
-11555.84713939
-11555.85083473
-11555.84873277
-11555.84486245
-11555.83915147
-11555.83266801
-11555.82719575
-11555.82303027
-11555.81973001
-11555.81734006
-11555.81634653
-11555.81568799
-11555.81337494
-11555.81171695
-11555.81338070
-11555.81716756
-11555.81991700
-11555.82048724
-11555.82052600
-11555.82267265
-11555.82834587
-11555.83755357
-11555.84958449
-11555.86269699
-11555.87379313
-11555.88072599
-11555.88311780
-11555.88232523
-11555.87797579
-11555.87051292
-11555.86284257
-11555.85931423
-11555.85878050
-11555.85759091
-11555.85221877
-11555.84400982
-11555.84154948
-11555.85087214
-11555.87514570
-11555.89972814
-11555.91350882
-11555.91419097
-11555.90141592
-11555.88335761
-11555.86614973
-11555.85260318
-11555.83935720
-11555.82342350
-11555.80386977
-11555.78154028
-11555.76447569
-11555.75655877
-11555.75609900
-11555.75840031
-11555.76420025
-11555.77195876
-11555.77997290
-11555.78609856
-11555.78851333
-11555.78550238
-11555.77784351
-11555.76925418
-11555.76668144
-11555.77390673
-11555.78831039
-11555.80540723
-11555.82249728
-11555.83716239
-11555.84733050
-11555.85215634
-11555.85183951
-11555.84727034
-11555.83751325
-11555.82531376
-11555.82001921
-11555.82086485
-11555.82387343
-11555.82655744
-11555.82988862
-11555.83472265
-11555.84125502
-11555.84759684
-11555.85214789
-11555.85539069
-11555.85969071
-11555.86851715
-11555.88395032
-11555.90218918
-11555.91650204
-11555.92431371
-11555.92660463
-11555.92499886
-11555.92032507
-11555.91409620
-11555.90622382
-11555.89663673
-11555.88870062
-11555.88599122
-11555.88912243
-11555.89464996
-11555.89688241
-11555.89488563
-11555.89111776
-11555.88800006
-11555.88657762
-11555.88608434
-11555.88491598
-11555.88179992
-11555.87841507
-11555.87613131
-11555.87493440
-11555.87157371
-11555.86590509
-11555.86091503
-11555.85983307
-11555.86234603
-11555.86612563
-11555.86846984
-11555.86704460
-11555.86093063
-11555.85317272
-11555.84675884
-11555.84031397
-11555.83067354
-11555.81676732
-11555.80072471
-11555.78628036
-11555.77536170
-11555.76992789
-11555.77083874
-11555.77541676
-11555.78026183
-11555.78415352
-11555.78755264
-11555.79131058
-11555.79458397
-11555.79491971
-11555.79345974
-11555.79006202
-11555.78656154
-11555.78423190
-11555.78324694
-11555.78292447
-11555.78248661
-11555.78137686
-11555.78108399
-11555.78440825
-11555.79026345
-11555.79568185
-11555.79786644
-11555.79689195
-11555.79538003
-11555.79413546
-11555.79337738
-11555.79345988
-11555.79412139
-11555.79363515
-11555.79091875
-11555.78720001
-11555.78432114
-11555.78131912
-11555.78035299
-11555.77556361
-11555.76935048
-11555.76481187
-11555.76538333
-11555.77075703
-11555.77776925
-11555.78107836
-11555.77660051
-11555.76332938
-11555.74714643
-11555.73550407
-11555.73507252
-11555.74621173
-11555.76278501
-11555.77760958
-11555.78752987
-11555.79303436
-11555.79532104
-11555.79628981
-11555.79646026
-11555.79468241
-11555.79153207
-11555.78775871
-11555.78527836
-11555.78566244
-11555.78887247
-11555.79337889
-11555.79832656
-11555.80371619
-11555.80938607
-11555.81483328
-11555.81978173
-11555.82503840
-11555.83027543
-11555.83462432
-11555.83944027
-11555.84710684
-11555.85649429
-11555.86291613
-11555.86446873
-11555.86260818
-11555.86072337
-11555.86247792
-11555.86876849
-11555.87651611
-11555.88711536
-11555.89760728
-11555.90876159
-11555.92226177
-11555.93619797
-11555.94660933
-11555.95080221
-11555.94858078
-11555.94131870
-11555.92870798
-11555.91356848
-11555.89722465
-11555.88135036
-11555.86872406
-11555.85965887
-11555.85520437
-11555.85239897
-11555.84782772
-11555.84024924
-11555.83243409
-11555.82759718
-11555.82586025
-11555.82590665
-11555.82607031
-11555.82540831
-11555.82258370
-11555.81544168
-11555.80233839
-11555.78831210
-11555.77478004
-11555.76325409
-11555.75379285
-11555.74646445
-11555.74227099
-11555.74163047
-11555.74413255
-11555.74946897
-11555.75703691
-11555.76522075
-11555.77251744
-11555.77757993
-11555.77919071
-11555.77887486
-11555.77704731
-11555.77307803
-11555.76985414
-11555.77114977
-11555.77905082
-11555.79288366
-11555.81012298
-11555.82707588
-11555.84054232
-11555.84954609
-11555.85477847
-11555.85800851
-11555.85982502
-11555.85883113
-11555.85686325
-11555.85722440
-11555.86205242
-11555.87225706
-11555.88652341
-11555.90050573
-11555.90874031
-11555.90963641
-11555.90544372
-11555.90117070
-11555.89736481
-11555.89221002
-11555.88484494
-11555.87827796
-11555.87506297
-11555.87663215
-11555.88229377
-11555.88778582
-11555.88796832
-11555.88130699
-11555.87081088
-11555.85960980
-11555.85033506
-11555.84374918
-11555.84038104
-11555.84112598
-11555.84577924
-11555.85246091
-11555.85818259
-11555.86047872
-11555.85690436
-11555.84912537
-11555.84105440
-11555.83889296
-11555.84169791
-11555.84637261
-11555.84992861
-11555.85181985
-11555.85202568
-11555.85039592
-11555.84698470
-11555.84237409
-11555.83745180
-11555.83218009
-11555.82853290
-11555.82826282
-11555.83087133
-11555.83330006
-11555.83441891
-11555.83588216
-11555.83834559
-11555.84159925
-11555.84365780
-11555.84218746
-11555.83594093
-11555.82593224
-11555.81542145
-11555.80885053
-11555.80584277
-11555.80517449
-11555.80618265
-11555.80817831
-11555.80862180
-11555.81169151
-11555.81537327
-11555.81794709
-11555.81763820
-11555.81479137
-11555.81348972
-11555.81674171
